Open,High,Low,Ltp,% Change,Qty
903.3885,922.5364,910.93744,905.6397,-0.765711,24476.805
908.9707,928.5051,916.2483,911.3838,-0.7437359,26251.81
913.8519,933.59314,920.7995,916.4005,-0.7279455,27778.074
917.5366,937.31506,924.15875,920.189,-0.7201178,28919.496
919.88306,939.5777,926.24304,922.6157,-0.7202933,29640.113
921.0133,940.5628,927.2115,923.8129,-0.72727865,29976.53
921.18054,940.5725,927.3307,924.0399,-0.7394607,30004.709
920.68414,939.9387,926.8909,923.5964,-0.7549263,29814.174
919.801,938.9546,926.1433,922.7539,-0.7718,29485.379
918.74207,937.8327,925.26874,921.7166,-0.7885534,29083.332
917.6403,936.69824,924.3713,920.6108,-0.8041951,28651.736
916.574,935.61926,923.506,919.51135,-0.8179642,28219.39
915.57654,934.61926,922.68945,918.45105,-0.82945025,27801.432
914.65436,933.6966,921.92004,917.43964,-0.8385004,27406.322
913.8066,932.84674,921.1926,916.48114,-0.84508544,27037.023
913.0255,932.0598,920.5002,915.57434,-0.8493999,26694.725
912.3146,931.3401,919.8492,914.7301,-0.8515402,26382.758
911.6805,930.6964,919.24963,913.96136,-0.8516794,26102.975
911.1326,930.1406,918.7144,913.28296,-0.8500233,25857.41
910.6717,929.6737,918.2486,912.7001,-0.8469884,25646.994
910.31006,929.31024,917.86707,912.2279,-0.8427393,25473.055
910.0551,929.0589,917.57916,911.8758,-0.8374933,25335.68
909.9096,928.92285,917.3899,911.6476,-0.8314829,25234.074
909.8668,928.89386,917.2956,911.53674,-0.82503945,25166.629
909.9316,928.9786,917.3012,911.54755,-0.81820214,25130.725
910.0837,929.15326,917.3901,911.6593,-0.8114238,25122.494
910.3185,929.4141,917.5582,911.86584,-0.804812,25137.518
910.62634,929.7504,917.7979,912.15656,-0.798503,25173.219
910.9976,930.15204,918.10114,912.5207,-0.79259604,25226.393
911.42175,930.6078,918.45856,912.9465,-0.78718346,25293.617
911.8904,931.1092,918.8628,913.4243,-0.78228724,25371.74
912.3898,931.64105,919.3016,913.939,-0.7780269,25457.725
912.91473,932.19867,919.7698,914.4844,-0.77434474,25548.953
913.4545,932.7703,920.2575,915.0484,-0.7712896,25642.879
914.0005,933.34717,920.7561,915.62115,-0.76887804,25736.506
914.54785,933.92426,921.2615,916.1974,-0.7670352,25829.293
915.0907,934.4953,921.7677,916.7702,-0.7657247,25919.723
915.6244,935.0557,922.2698,917.33417,-0.76490027,26006.156
916.1481,935.60535,922.7656,917.88763,-0.76445353,26087.297
916.6531,936.13367,923.24854,918.42194,-0.7644202,26164.176
917.13745,936.63916,923.7157,918.93475,-0.76473844,26235.453
917.60077,937.122,924.16534,919.42474,-0.76533985,26299.836
918.0429,937.58215,924.59686,919.8916,-0.76615536,26357.479
918.4671,938.02386,925.0127,920.3386,-0.76706135,26408.75
918.86847,938.44055,925.4089,920.7611,-0.7680976,26454.982
919.24884,938.8351,925.78613,921.16046,-0.769204,26495.334
919.61066,939.2105,926.1459,921.53925,-0.77031875,26529.988
919.9519,939.5639,926.4865,921.8954,-0.771474,26559.555
920.2765,939.9,926.8114,922.2332,-0.7725899,26585.004
920.5866,940.22125,927.1221,922.55475,-0.7736357,26606.514
